wav/quechua000000.wav 1 0.0 1.9941875
wav/quechua000001.wav 2 0.0 1.567125
wav/quechua000002.wav 3 0.0 4.042
wav/quechua000003.wav 4 0.0 3.861125
wav/quechua000004.wav 5 0.0 7.7221875
wav/quechua000005.wav 6 0.0 3.3739375
wav/quechua000006.wav 7 0.0 8.7151875
wav/quechua000007.wav 8 0.0 5.26325
wav/quechua000008.wav 9 0.0 7.035375
wav/quechua000009.wav 10 0.0 11.174875
wav/quechua000010.wav 11 0.0 2.7486875
wav/quechua000011.wav 12 0.0 3.4339375
wav/quechua000012.wav 13 0.0 6.058625
wav/quechua000013.wav 14 0.0 3.98675
wav/quechua000014.wav 15 0.0 3.8095625
wav/quechua000015.wav 16 0.0 5.52525
wav/quechua000016.wav 17 0.0 3.050125
wav/quechua000017.wav 18 0.0 10.9741875
wav/quechua000018.wav 19 0.0 6.1934375
wav/quechua000019.wav 20 0.0 11.728
wav/quechua000020.wav 21 0.0 5.4950625
wav/quechua000021.wav 22 0.0 4.346
wav/quechua000022.wav 23 0.0 3.957375
wav/quechua000023.wav 24 0.0 8.02375
wav/quechua000024.wav 25 0.0 6.32875
wav/quechua000025.wav 26 0.0 17.531125
wav/quechua000026.wav 27 0.0 8.2686875
wav/quechua000027.wav 28 0.0 6.44025
wav/quechua000028.wav 29 0.0 3.87075
wav/quechua000029.wav 30 0.0 4.5755625
wav/quechua000030.wav 31 0.0 9.425375
wav/quechua000031.wav 32 0.0 9.5159375
wav/quechua000032.wav 33 0.0 3.7355
wav/quechua000033.wav 34 0.0 3.0718125
wav/quechua000034.wav 35 0.0 4.4876875
wav/quechua000035.wav 36 0.0 13.0426875
wav/quechua000036.wav 37 0.0 7.586125
wav/quechua000037.wav 38 0.0 7.7456875
wav/quechua000038.wav 39 0.0 8.320625
wav/quechua000039.wav 40 0.0 2.741625
wav/quechua000040.wav 41 0.0 3.65875
wav/quechua000041.wav 42 0.0 3.2336875
wav/quechua000042.wav 43 0.0 5.6003125
wav/quechua000043.wav 44 0.0 7.807875
wav/quechua000044.wav 45 0.0 4.553
wav/quechua000045.wav 46 0.0 6.8145
wav/quechua000046.wav 47 0.0 8.697875
wav/quechua000047.wav 48 0.0 8.25625
wav/quechua000048.wav 49 0.0 12.117
wav/quechua000049.wav 50 0.0 3.24275
wav/quechua000050.wav 51 0.0 3.94225
wav/quechua000051.wav 52 0.0 3.9295
wav/quechua000052.wav 53 0.0 3.795375
wav/quechua000053.wav 54 0.0 4.137625
wav/quechua000054.wav 55 0.0 12.2613125
wav/quechua000055.wav 56 0.0 8.7435625
wav/quechua000056.wav 57 0.0 6.0516875
wav/quechua000057.wav 58 0.0 12.7496875
wav/quechua000058.wav 59 0.0 8.499875
wav/quechua000059.wav 60 0.0 6.8301875
wav/quechua000060.wav 61 0.0 10.28025
wav/quechua000061.wav 62 0.0 2.82075
wav/quechua000062.wav 63 0.0 2.854875
wav/quechua000063.wav 64 0.0 3.7401875
wav/quechua000064.wav 65 0.0 4.2055625
wav/quechua000065.wav 66 0.0 6.02075
wav/quechua000066.wav 67 0.0 23.6465
wav/quechua000067.wav 68 0.0 6.16075
wav/quechua000068.wav 69 0.0 3.6003125
wav/quechua000069.wav 70 0.0 10.75375
wav/quechua000070.wav 71 0.0 6.1186875
wav/quechua000071.wav 72 0.0 6.9909375
wav/quechua000072.wav 73 0.0 4.66775
wav/quechua000073.wav 74 0.0 7.033625
wav/quechua000074.wav 75 0.0 10.4805
wav/quechua000075.wav 76 0.0 5.3948125
wav/quechua000076.wav 77 0.0 4.677625
wav/quechua000077.wav 78 0.0 4.9228125
wav/quechua000078.wav 79 0.0 5.387
wav/quechua000079.wav 80 0.0 13.8274375
wav/quechua000080.wav 81 0.0 4.2075625
wav/quechua000081.wav 82 0.0 3.435375
wav/quechua000082.wav 83 0.0 7.78375
wav/quechua000083.wav 84 0.0 9.0929375
wav/quechua000084.wav 85 0.0 9.1569375
wav/quechua000085.wav 86 0.0 19.067875
wav/quechua000086.wav 87 0.0 10.1091875
wav/quechua000087.wav 88 0.0 0.59425
wav/quechua000088.wav 89 0.0 8.76075
wav/quechua000089.wav 90 0.0 8.0809375
wav/quechua000090.wav 91 0.0 5.3835625
wav/quechua000091.wav 92 0.0 9.4876875
wav/quechua000092.wav 93 0.0 2.46975
wav/quechua000093.wav 94 0.0 2.892625
wav/quechua000094.wav 95 0.0 12.112
wav/quechua000095.wav 96 0.0 4.9626875
wav/quechua000096.wav 97 0.0 2.000625
wav/quechua000097.wav 98 0.0 4.598875
wav/quechua000098.wav 99 0.0 4.065
wav/quechua000099.wav 100 0.0 6.1950625
wav/quechua000100.wav 101 0.0 9.70075
wav/quechua000101.wav 102 0.0 8.491125
wav/quechua000102.wav 103 0.0 4.2703125
wav/quechua000103.wav 104 0.0 5.0294375
wav/quechua000104.wav 105 0.0 15.12575
wav/quechua000105.wav 106 0.0 10.0894375
wav/quechua000106.wav 107 0.0 3.47425
wav/quechua000107.wav 108 0.0 4.570375
wav/quechua000108.wav 109 0.0 5.9165
wav/quechua000109.wav 110 0.0 14.8509375
wav/quechua000110.wav 111 0.0 4.514
wav/quechua000111.wav 112 0.0 6.8046875
wav/quechua000112.wav 113 0.0 9.664875
wav/quechua000113.wav 114 0.0 12.78025
wav/quechua000114.wav 115 0.0 3.1040625
wav/quechua000115.wav 116 0.0 11.432125
wav/quechua000116.wav 117 0.0 3.4169375
wav/quechua000117.wav 118 0.0 7.0456875
wav/quechua000118.wav 119 0.0 8.7350625
wav/quechua000119.wav 120 0.0 8.4389375
wav/quechua000120.wav 121 0.0 2.319625
wav/quechua000121.wav 122 0.0 3.1795
wav/quechua000122.wav 123 0.0 2.426875
wav/quechua000123.wav 124 0.0 2.8026875
wav/quechua000124.wav 125 0.0 9.703
wav/quechua000125.wav 126 0.0 0.759125
wav/quechua000126.wav 127 0.0 3.3058125
wav/quechua000127.wav 128 0.0 2.2731875
wav/quechua000128.wav 129 0.0 2.2649375
wav/quechua000129.wav 130 0.0 9.668
wav/quechua000130.wav 131 0.0 3.1793125
wav/quechua000131.wav 132 0.0 4.1603125
wav/quechua000132.wav 133 0.0 3.4946875
wav/quechua000133.wav 134 0.0 10.6145625
wav/quechua000134.wav 135 0.0 14.330125
wav/quechua000135.wav 136 0.0 4.533875
wav/quechua000136.wav 137 0.0 4.1103125
wav/quechua000137.wav 138 0.0 11.4596875
wav/quechua000138.wav 139 0.0 15.9254375
wav/quechua000139.wav 140 0.0 8.6686875
wav/quechua000140.wav 141 0.0 7.4644375
wav/quechua000141.wav 142 0.0 11.1966875
wav/quechua000142.wav 143 0.0 6.6003125
wav/quechua000143.wav 144 0.0 3.7513125
wav/quechua000144.wav 145 0.0 6.005
wav/quechua000145.wav 146 0.0 5.9398125
wav/quechua000146.wav 147 0.0 3.8146875
wav/quechua000147.wav 148 0.0 7.35275
wav/quechua000148.wav 149 0.0 6.806875
wav/quechua000149.wav 150 0.0 7.688875
wav/quechua000150.wav 151 0.0 7.61125
wav/quechua000151.wav 152 0.0 9.3938125
wav/quechua000152.wav 153 0.0 9.1959375
wav/quechua000153.wav 154 0.0 3.0271875
wav/quechua000154.wav 155 0.0 14.7628125
wav/quechua000155.wav 156 0.0 3.49125
wav/quechua000156.wav 157 0.0 3.4575
wav/quechua000157.wav 158 0.0 3.7369375
wav/quechua000158.wav 159 0.0 3.745625
wav/quechua000159.wav 160 0.0 2.8305
wav/quechua000160.wav 161 0.0 4.910125
wav/quechua000161.wav 162 0.0 7.572
wav/quechua000162.wav 163 0.0 7.4960625
wav/quechua000163.wav 164 0.0 4.886125
wav/quechua000164.wav 165 0.0 3.7631875
wav/quechua000165.wav 166 0.0 10.9846875
wav/quechua000166.wav 167 0.0 9.281625
wav/quechua000167.wav 168 0.0 3.6015625
wav/quechua000168.wav 169 0.0 2.70375
wav/quechua000169.wav 170 0.0 20.651125
wav/quechua000170.wav 171 0.0 5.26175
wav/quechua000171.wav 172 0.0 11.36025
wav/quechua000172.wav 173 0.0 5.4921875
wav/quechua000173.wav 174 0.0 4.70425
wav/quechua000174.wav 175 0.0 5.922
wav/quechua000175.wav 176 0.0 5.8553125
wav/quechua000176.wav 177 0.0 7.08675
wav/quechua000177.wav 178 0.0 5.063375
wav/quechua000178.wav 179 0.0 7.6235625
wav/quechua000179.wav 180 0.0 4.2121875
wav/quechua000180.wav 181 0.0 9.31425
wav/quechua000181.wav 182 0.0 5.6216875
wav/quechua000182.wav 183 0.0 7.5684375
wav/quechua000183.wav 184 0.0 4.3945625
wav/quechua000184.wav 185 0.0 5.23975
wav/quechua000185.wav 186 0.0 5.703125
wav/quechua000186.wav 187 0.0 3.4853125
wav/quechua000187.wav 188 0.0 5.386875
wav/quechua000188.wav 189 0.0 2.4815625
wav/quechua000189.wav 190 0.0 7.38875
wav/quechua000190.wav 191 0.0 2.061
wav/quechua000191.wav 192 0.0 5.5395625
wav/quechua000192.wav 193 0.0 6.555
wav/quechua000193.wav 194 0.0 6.2655625
wav/quechua000194.wav 195 0.0 5.5858125
wav/quechua000195.wav 196 0.0 4.924
wav/quechua000196.wav 197 0.0 6.3143125
wav/quechua000197.wav 198 0.0 5.898625
wav/quechua000198.wav 199 0.0 3.37575
wav/quechua000199.wav 200 0.0 4.7189375
wav/quechua000200.wav 201 0.0 11.312625
wav/quechua000201.wav 202 0.0 4.3415
wav/quechua000202.wav 203 0.0 4.900375
wav/quechua000203.wav 204 0.0 34.1600625
wav/quechua000204.wav 205 0.0 12.654875
wav/quechua000205.wav 206 0.0 4.5463125
wav/quechua000206.wav 207 0.0 12.102375
wav/quechua000207.wav 208 0.0 6.175375
wav/quechua000208.wav 209 0.0 10.913625
wav/quechua000209.wav 210 0.0 4.99575
wav/quechua000210.wav 211 0.0 13.10025
wav/quechua000211.wav 212 0.0 5.3971875
wav/quechua000212.wav 213 0.0 6.013875
wav/quechua000213.wav 214 0.0 3.9513125
wav/quechua000214.wav 215 0.0 11.6175
wav/quechua000215.wav 216 0.0 10.4923125
wav/quechua000216.wav 217 0.0 2.99175
wav/quechua000217.wav 218 0.0 11.1244375
wav/quechua000218.wav 219 0.0 2.7613125
wav/quechua000219.wav 220 0.0 7.21525
wav/quechua000220.wav 221 0.0 3.624875
wav/quechua000221.wav 222 0.0 3.5396875
wav/quechua000222.wav 223 0.0 2.055125
wav/quechua000223.wav 224 0.0 6.03475
wav/quechua000224.wav 225 0.0 5.347375
wav/quechua000225.wav 226 0.0 8.442875
wav/quechua000226.wav 227 0.0 4.3001875
wav/quechua000227.wav 228 0.0 11.7515
wav/quechua000228.wav 229 0.0 6.3304375
wav/quechua000229.wav 230 0.0 8.43625
wav/quechua000230.wav 231 0.0 3.00475
wav/quechua000231.wav 232 0.0 4.7108125
wav/quechua000232.wav 233 0.0 4.561625
wav/quechua000233.wav 234 0.0 6.8243125
wav/quechua000234.wav 235 0.0 5.597
wav/quechua000235.wav 236 0.0 5.016375
wav/quechua000236.wav 237 0.0 5.2635
wav/quechua000237.wav 238 0.0 3.794125
wav/quechua000238.wav 239 0.0 9.4241875
wav/quechua000239.wav 240 0.0 8.1211875
wav/quechua000240.wav 241 0.0 6.766125
wav/quechua000241.wav 242 0.0 0.859125
wav/quechua000242.wav 243 0.0 18.499625
wav/quechua000243.wav 244 0.0 3.837125
wav/quechua000244.wav 245 0.0 3.550125
wav/quechua000245.wav 246 0.0 3.550125
wav/quechua000246.wav 247 0.0 4.8861875
wav/quechua000247.wav 248 0.0 13.703625
wav/quechua000248.wav 249 0.0 2.2140625
wav/quechua000249.wav 250 0.0 9.1806875
wav/quechua000250.wav 251 0.0 3.9544375
wav/quechua000251.wav 252 0.0 12.8996875
wav/quechua000252.wav 253 0.0 6.609875
wav/quechua000253.wav 254 0.0 6.0089375
wav/quechua000254.wav 255 0.0 6.1268125
wav/quechua000255.wav 256 0.0 5.6424375
wav/quechua000256.wav 257 0.0 13.898125
wav/quechua000257.wav 258 0.0 5.7456875
wav/quechua000258.wav 259 0.0 5.34425
wav/quechua000259.wav 260 0.0 7.772125
wav/quechua000260.wav 261 0.0 3.3789375
wav/quechua000261.wav 262 0.0 6.78575
wav/quechua000262.wav 263 0.0 3.6181875
wav/quechua000263.wav 264 0.0 5.5131875
wav/quechua000264.wav 265 0.0 3.1539375
wav/quechua000265.wav 266 0.0 4.5613125
wav/quechua000266.wav 267 0.0 19.7245625
wav/quechua000267.wav 268 0.0 1.9585
wav/quechua000268.wav 269 0.0 2.0676875
wav/quechua000269.wav 270 0.0 0.7350625
wav/quechua000270.wav 271 0.0 8.1790625
wav/quechua000271.wav 272 0.0 5.90375
wav/quechua000272.wav 273 0.0 6.5205625
wav/quechua000273.wav 274 0.0 7.679875
wav/quechua000274.wav 275 0.0 2.7789375
wav/quechua000275.wav 276 0.0 8.37825
wav/quechua000276.wav 277 0.0 4.8449375
wav/quechua000277.wav 278 0.0 3.650875
wav/quechua000278.wav 279 0.0 1.79025
wav/quechua000279.wav 280 0.0 6.928375
wav/quechua000280.wav 281 0.0 9.5483125
wav/quechua000281.wav 282 0.0 0.69425
wav/quechua000282.wav 283 0.0 4.0096875
wav/quechua000283.wav 284 0.0 6.28925
wav/quechua000284.wav 285 0.0 0.58825
wav/quechua000285.wav 286 0.0 3.0281875
wav/quechua000286.wav 287 0.0 10.6316875
wav/quechua000287.wav 288 0.0 6.892625
wav/quechua000288.wav 289 0.0 7.371125
wav/quechua000289.wav 290 0.0 12.9113125
wav/quechua000290.wav 291 0.0 3.815125
wav/quechua000291.wav 292 0.0 5.3543125
wav/quechua000292.wav 293 0.0 4.0466875
wav/quechua000293.wav 294 0.0 3.9616875
wav/quechua000294.wav 295 0.0 2.39
wav/quechua000295.wav 296 0.0 9.5560625
wav/quechua000296.wav 297 0.0 1.7365
wav/quechua000297.wav 298 0.0 5.0781875
wav/quechua000298.wav 299 0.0 5.7144375
wav/quechua000299.wav 300 0.0 6.2080625
wav/quechua000300.wav 301 0.0 2.90525
wav/quechua000301.wav 302 0.0 2.48575
wav/quechua000302.wav 303 0.0 3.7095625
wav/quechua000303.wav 304 0.0 9.3039375
wav/quechua000304.wav 305 0.0 12.6315
wav/quechua000305.wav 306 0.0 13.087
wav/quechua000306.wav 307 0.0 1.655125
wav/quechua000307.wav 308 0.0 1.22375
wav/quechua000308.wav 309 0.0 6.437375
wav/quechua000309.wav 310 0.0 6.7383125
wav/quechua000310.wav 311 0.0 2.535375
wav/quechua000311.wav 312 0.0 13.2283125
wav/quechua000312.wav 313 0.0 7.743875
wav/quechua000313.wav 314 0.0 11.10175
wav/quechua000314.wav 315 0.0 7.9219375
wav/quechua000315.wav 316 0.0 3.922125
wav/quechua000316.wav 317 0.0 2.3949375
wav/quechua000317.wav 318 0.0 1.7755
wav/quechua000318.wav 319 0.0 1.9159375
wav/quechua000319.wav 320 0.0 4.0424375
wav/quechua000320.wav 321 0.0 3.7816875
wav/quechua000321.wav 322 0.0 6.597875
wav/quechua000322.wav 323 0.0 14.5925
wav/quechua000323.wav 324 0.0 7.4304375
wav/quechua000324.wav 325 0.0 9.4691875
wav/quechua000325.wav 326 0.0 11.0816875
wav/quechua000326.wav 327 0.0 4.94275
wav/quechua000327.wav 328 0.0 2.545375
wav/quechua000328.wav 329 0.0 4.4336875
wav/quechua000329.wav 330 0.0 6.3295
wav/quechua000330.wav 331 0.0 3.4883125
wav/quechua000331.wav 332 0.0 6.72075
wav/quechua000332.wav 333 0.0 2.4174375
wav/quechua000333.wav 334 0.0 3.588625
wav/quechua000334.wav 335 0.0 3.3804375
wav/quechua000335.wav 336 0.0 6.1790625
wav/quechua000336.wav 337 0.0 11.1243125
wav/quechua000337.wav 338 0.0 3.508375
wav/quechua000338.wav 339 0.0 3.5409375
wav/quechua000339.wav 340 0.0 6.1790625
wav/quechua000340.wav 341 0.0 6.517625
wav/quechua000341.wav 342 0.0 3.611125
wav/quechua000342.wav 343 0.0 9.1658125
wav/quechua000343.wav 344 0.0 5.547125
wav/quechua000344.wav 345 0.0 6.4675
wav/quechua000345.wav 346 0.0 7.942
wav/quechua000346.wav 347 0.0 2.4575625
wav/quechua000347.wav 348 0.0 9.79775
wav/quechua000348.wav 349 0.0 2.18675
wav/quechua000349.wav 350 0.0 5.216125
wav/quechua000350.wav 351 0.0 3.78925
wav/quechua000351.wav 352 0.0 3.691375
wav/quechua000352.wav 353 0.0 7.972125
wav/quechua000353.wav 354 0.0 2.708375
wav/quechua000354.wav 355 0.0 2.9390625
wav/quechua000355.wav 356 0.0 2.1666875
wav/quechua000356.wav 357 0.0 5.634875
wav/quechua000357.wav 358 0.0 5.0154375
wav/quechua000358.wav 359 0.0 11.9343125
wav/quechua000359.wav 360 0.0 6.357125
wav/quechua000360.wav 361 0.0 3.96225
wav/quechua000361.wav 362 0.0 5.226125
wav/quechua000362.wav 363 0.0 6.3370625
wav/quechua000363.wav 364 0.0 4.343375
wav/quechua000364.wav 365 0.0 4.561625
wav/quechua000365.wav 366 0.0 2.878875
wav/quechua000366.wav 367 0.0 11.26225
wav/quechua000367.wav 368 0.0 5.868125
wav/quechua000368.wav 369 0.0 4.1126875
wav/quechua000369.wav 370 0.0 3.9823125
wav/quechua000370.wav 371 0.0 4.93275
wav/quechua000371.wav 372 0.0 4.333375
wav/quechua000372.wav 373 0.0 4.263125
wav/quechua000373.wav 374 0.0 4.190875
wav/quechua000374.wav 375 0.0 5.91575
wav/quechua000375.wav 376 0.0 1.294
wav/quechua000376.wav 377 0.0 11.452875
wav/quechua000377.wav 378 0.0 7.7238125
wav/quechua000378.wav 379 0.0 4.77475
wav/quechua000379.wav 380 0.0 4.5014375
wav/quechua000380.wav 381 0.0 8.426
wav/quechua000381.wav 382 0.0 8.65425
wav/quechua000382.wav 383 0.0 13.68975
wav/quechua000383.wav 384 0.0 12.3155
wav/quechua000384.wav 385 0.0 3.0895625
wav/quechua000385.wav 386 0.0 3.13725
wav/quechua000386.wav 387 0.0 6.439875
wav/quechua000387.wav 388 0.0 5.705125
wav/quechua000388.wav 389 0.0 11.2848125
wav/quechua000389.wav 390 0.0 14.1210625
wav/quechua000390.wav 391 0.0 5.74525
wav/quechua000391.wav 392 0.0 10.861
wav/quechua000392.wav 393 0.0 10.28925
wav/quechua000393.wav 394 0.0 7.3626875
wav/quechua000394.wav 395 0.0 8.8046875
wav/quechua000395.wav 396 0.0 6.0085625
wav/quechua000396.wav 397 0.0 5.4443125
wav/quechua000397.wav 398 0.0 4.4738125
wav/quechua000398.wav 399 0.0 2.6080625
wav/quechua000399.wav 400 0.0 6.1364375
wav/quechua000400.wav 401 0.0 6.4875625
wav/quechua000401.wav 402 0.0 6.5501875
wav/quechua000402.wav 403 0.0 12.9374375
wav/quechua000403.wav 404 0.0 6.9088125
wav/quechua000404.wav 405 0.0 8.4560625
wav/quechua000405.wav 406 0.0 9.3764375
wav/quechua000406.wav 407 0.0 6.2869375
wav/quechua000407.wav 408 0.0 3.199875
wav/quechua000408.wav 409 0.0 2.7585
wav/quechua000409.wav 410 0.0 3.15975
wav/quechua000410.wav 411 0.0 2.81625
wav/quechua000411.wav 412 0.0 11.9744375
wav/quechua000412.wav 413 0.0 9.7901875
wav/quechua000413.wav 414 0.0 11.26225
wav/quechua000414.wav 415 0.0 8.0824375
wav/quechua000415.wav 416 0.0 3.1296875
wav/quechua000416.wav 417 0.0 5.306375
wav/quechua000417.wav 418 0.0 8.132625
wav/quechua000418.wav 419 0.0 3.611125
wav/quechua000419.wav 420 0.0 7.1295
wav/quechua000420.wav 421 0.0 4.0224375
wav/quechua000421.wav 422 0.0 2.67825
wav/quechua000422.wav 423 0.0 4.824875
wav/quechua000423.wav 424 0.0 12.506125
wav/quechua000424.wav 425 0.0 9.4566875
wav/quechua000425.wav 426 0.0 4.3008125
wav/quechua000426.wav 427 0.0 14.2915625
wav/quechua000427.wav 428 0.0 5.236125
wav/quechua000428.wav 429 0.0 1.7755
wav/quechua000429.wav 430 0.0 1.4545
wav/quechua000430.wav 431 0.0 4.8424375
wav/quechua000431.wav 432 0.0 4.7245625
wav/quechua000432.wav 433 0.0 5.9383125
wav/quechua000433.wav 434 0.0 6.6179375
wav/quechua000434.wav 435 0.0 12.596375
wav/quechua000435.wav 436 0.0 5.454375
wav/quechua000436.wav 437 0.0 18.524625
wav/quechua000437.wav 438 0.0 7.8206875
wav/quechua000438.wav 439 0.0 13.9906875
wav/quechua000439.wav 440 0.0 22.484375
wav/quechua000440.wav 441 0.0 19.8386875
wav/quechua000441.wav 442 0.0 11.2723125
wav/quechua000442.wav 443 0.0 11.222125
wav/quechua000443.wav 444 0.0 4.30325
wav/quechua000444.wav 445 0.0 2.98925
wav/quechua000445.wav 446 0.0 12.9775625
wav/quechua000446.wav 447 0.0 10.54
wav/quechua000447.wav 448 0.0 9.888
wav/quechua000448.wav 449 0.0 2.3673125
wav/quechua000449.wav 450 0.0 6.9213125
wav/quechua000450.wav 451 0.0 2.1065
wav/quechua000451.wav 452 0.0 6.0586875
wav/quechua000452.wav 453 0.0 5.155875
wav/quechua000453.wav 454 0.0 3.4305625
wav/quechua000454.wav 455 0.0 1.1034375
wav/quechua000455.wav 456 0.0 3.5660625
wav/quechua000456.wav 457 0.0 3.6713125
wav/quechua000457.wav 458 0.0 3.7515625
wav/quechua000458.wav 459 0.0 2.34725
wav/quechua000459.wav 460 0.0 2.82875
wav/quechua000460.wav 461 0.0 5.5771875
wav/quechua000461.wav 462 0.0 3.9673125
wav/quechua000462.wav 463 0.0 2.3271875
wav/quechua000463.wav 464 0.0 6.515125
wav/quechua000464.wav 465 0.0 7.20225
wav/quechua000465.wav 466 0.0 7.22225
wav/quechua000466.wav 467 0.0 5.75775
wav/quechua000467.wav 468 0.0 6.07875
wav/quechua000468.wav 469 0.0 5.581625
wav/quechua000469.wav 470 0.0 8.7319375
wav/quechua000470.wav 471 0.0 8.3006875
wav/quechua000471.wav 472 0.0 8.4861875
wav/quechua000472.wav 473 0.0 2.868875
wav/quechua000473.wav 474 0.0 7.6034375
wav/quechua000474.wav 475 0.0 9.3238125
wav/quechua000475.wav 476 0.0 7.904375
wav/quechua000476.wav 477 0.0 30.0
wav/quechua000477.wav 478 0.0 30.0
wav/quechua000478.wav 479 0.0 30.0
wav/quechua000479.wav 480 0.0 30.0
wav/quechua000480.wav 481 0.0 30.0
wav/quechua000481.wav 482 0.0 30.0
wav/quechua000482.wav 483 0.0 30.0
wav/quechua000483.wav 484 0.0 30.0
wav/quechua000484.wav 485 0.0 30.0
wav/quechua000485.wav 486 0.0 30.0
wav/quechua000486.wav 487 0.0 30.0
wav/quechua000487.wav 488 0.0 30.0
wav/quechua000488.wav 489 0.0 30.0
wav/quechua000489.wav 490 0.0 30.0
wav/quechua000490.wav 491 0.0 30.0
wav/quechua000491.wav 492 0.0 30.0
wav/quechua000492.wav 493 0.0 30.0
wav/quechua000493.wav 494 0.0 30.0
wav/quechua000494.wav 495 0.0 30.0
wav/quechua000495.wav 496 0.0 30.0
wav/quechua000496.wav 497 0.0 30.0
wav/quechua000497.wav 498 0.0 30.0
wav/quechua000498.wav 499 0.0 30.0
wav/quechua000499.wav 500 0.0 26.339
wav/quechua000500.wav 501 0.0 30.0
wav/quechua000501.wav 502 0.0 30.0
wav/quechua000502.wav 503 0.0 30.0
wav/quechua000503.wav 504 0.0 30.0
wav/quechua000504.wav 505 0.0 30.0
wav/quechua000505.wav 506 0.0 30.0
wav/quechua000506.wav 507 0.0 30.0
wav/quechua000507.wav 508 0.0 30.0
wav/quechua000508.wav 509 0.0 30.0
wav/quechua000509.wav 510 0.0 30.0
wav/quechua000510.wav 511 0.0 30.0
wav/quechua000511.wav 512 0.0 30.0
wav/quechua000512.wav 513 0.0 30.0
wav/quechua000513.wav 514 0.0 30.0
wav/quechua000514.wav 515 0.0 30.0
wav/quechua000515.wav 516 0.0 30.0
wav/quechua000516.wav 517 0.0 30.0
wav/quechua000517.wav 518 0.0 30.0
wav/quechua000518.wav 519 0.0 30.0
wav/quechua000519.wav 520 0.0 30.0
wav/quechua000520.wav 521 0.0 30.0
wav/quechua000521.wav 522 0.0 30.0
wav/quechua000522.wav 523 0.0 30.0
wav/quechua000523.wav 524 0.0 30.0
wav/quechua000524.wav 525 0.0 30.0
wav/quechua000525.wav 526 0.0 30.0
wav/quechua000526.wav 527 0.0 30.0
wav/quechua000527.wav 528 0.0 30.0
wav/quechua000528.wav 529 0.0 30.0
wav/quechua000529.wav 530 0.0 30.0
wav/quechua000530.wav 531 0.0 30.0
wav/quechua000531.wav 532 0.0 30.0
wav/quechua000532.wav 533 0.0 30.0
wav/quechua000533.wav 534 0.0 30.0
wav/quechua000534.wav 535 0.0 30.0
wav/quechua000535.wav 536 0.0 30.0
wav/quechua000536.wav 537 0.0 30.0
wav/quechua000537.wav 538 0.0 30.0
wav/quechua000538.wav 539 0.0 30.0
wav/quechua000539.wav 540 0.0 30.0
wav/quechua000540.wav 541 0.0 30.0
wav/quechua000541.wav 542 0.0 30.0
wav/quechua000542.wav 543 0.0 30.0
wav/quechua000543.wav 544 0.0 30.0
wav/quechua000544.wav 545 0.0 30.0
wav/quechua000545.wav 546 0.0 30.0
wav/quechua000546.wav 547 0.0 30.0
wav/quechua000547.wav 548 0.0 30.0
wav/quechua000548.wav 549 0.0 30.0
wav/quechua000549.wav 550 0.0 30.0
wav/quechua000550.wav 551 0.0 30.0
wav/quechua000551.wav 552 0.0 30.0
wav/quechua000552.wav 553 0.0 30.0
wav/quechua000553.wav 554 0.0 30.0
wav/quechua000554.wav 555 0.0 30.0
wav/quechua000555.wav 556 0.0 30.0
wav/quechua000556.wav 557 0.0 30.0
wav/quechua000557.wav 558 0.0 30.0
wav/quechua000558.wav 559 0.0 30.0
wav/quechua000559.wav 560 0.0 30.0
wav/quechua000560.wav 561 0.0 30.0
wav/quechua000561.wav 562 0.0 30.0
wav/quechua000562.wav 563 0.0 30.0
wav/quechua000563.wav 564 0.0 30.0
wav/quechua000564.wav 565 0.0 30.0
wav/quechua000565.wav 566 0.0 30.0
wav/quechua000566.wav 567 0.0 30.0
wav/quechua000567.wav 568 0.0 30.0
wav/quechua000568.wav 569 0.0 30.0
wav/quechua000569.wav 570 0.0 30.0
wav/quechua000570.wav 571 0.0 30.0
wav/quechua000571.wav 572 0.0 30.0
wav/quechua000572.wav 573 0.0 30.0
